1 1 -1 -1 0 -1 1 0 -1 0 -1 1 -1 0 0 1 1 1 1 -1 -1 1 0 1 1 -1 1 -1 -1 1 0 1 0 -1 0 -1 1 0 -1 0 -1 1 0 0 0 1 1 -1 0 -1 
0 1 0 0 -1 0 0 0 0 -1 -1 0 0 0 -1 -1 -1 0 -1 0 0 0 -1 0 0 -1 -1 -1 0 -1 0 -1 -1 -1 -1 -1 -1 -1 -1 -1 -1 0 -1 -1 0 -1 0 -1 -1 0 
0 1 1 -1 -1 -1 1 0 0 -1 0 1 0 -1 0 -1 1 -1 -1 -1 -1 1 0 0 -1 0 1 0 0 0 0 1 -1 0 -1 -1 1 -1 -1 0 0 1 -1 0 -1 -1 1 -1 0 -1 
-1 -1 -1 1 0 0 -1 -1 0 -1 0 0 -1 -1 -1 0 0 0 0 0 0 0 -1 -1 -1 0 0 -1 0 -1 0 -1 0 -1 0 0 -1 -1 0 0 -1 0 0 0 -1 -1 -1 0 0 -1 
0 1 -1 -1 1 0 1 0 -1 0 -1 1 -1 0 1 -1 1 0 0 1 0 1 0 0 0 1 1 -1 0 0 0 1 1 -1 1 0 1 -1 -1 1 -1 1 -1 0 1 -1 1 -1 -1 0 
-1 -1 -1 0 0 1 0 0 0 0 1 0 0 0 0 -1 -1 0 -1 0 1 0 0 0 -1 -1 1 0 0 -1 0 -1 -1 0 -1 1 -1 1 -1 0 1 -1 0 1 -1 0 -1 0 1 0 
1 1 0 -1 0 -1 1 0 0 0 0 1 -1 -1 0 1 1 1 1 -1 0 1 0 1 1 -1 1 0 0 1 0 1 -1 -1 -1 0 1 -1 0 0 -1 1 -1 -1 -1 1 1 -1 -1 0 
0 -1 0 0 0 0 0 1 0 0 0 -1 0 0 0 0 0 0 -1 0 -1 -1 -1 0 0 0 -1 0 0 -1 0 0 0 -1 -1 0 -1 -1 -1 -1 -1 0 0 -1 0 0 -1 0 -1 -1 
0 1 0 -1 0 0 1 -1 1 0 0 1 0 -1 -1 -1 1 0 0 -1 0 1 -1 0 -1 -1 1 0 -1 0 -1 1 0 -1 -1 0 1 -1 -1 -1 -1 1 0 -1 -1 -1 1 0 0 -1 
-1 0 -1 0 0 0 -1 -1 0 1 -1 0 0 -1 -1 -1 -1 -1 0 -1 0 -1 -1 0 0 0 0 -1 0 0 -1 0 0 0 0 0 0 0 0 0 0 -1 0 0 -1 0 -1 0 -1 -1 
-1 1 0 0 0 1 1 0 0 -1 1 1 -1 0 -1 -1 1 -1 -1 0 1 1 0 0 0 -1 1 0 -1 -1 -1 1 -1 0 -1 1 1 1 -1 -1 1 1 -1 1 -1 0 1 -1 1 -1 
1 0 -1 0 0 -1 1 -1 -1 0 0 1 -1 -1 -1 1 0 1 1 -1 -1 0 0 1 1 -1 -1 -1 -1 1 0 -1 -1 -1 -1 -1 -1 0 0 0 0 -1 -1 0 0 1 -1 -1 0 0 
0 1 0 -1 0 0 1 -1 -1 -1 0 1 1 -1 -1 -1 1 0 -1 -1 -1 1 0 0 0 -1 1 -1 0 -1 -1 1 -1 -1 -1 0 1 0 -1 0 -1 1 0 0 -1 0 1 0 0 -1 
0 -1 -1 0 0 -1 -1 -1 0 -1 0 -1 0 1 0 -1 0 -1 -1 -1 -1 -1 -1 0 -1 -1 0 0 -1 0 -1 -1 0 0 0 0 -1 -1 -1 -1 -1 -1 0 -1 -1 0 0 -1 -1 0 
-1 1 -1 0 1 0 1 -1 0 -1 -1 1 0 -1 1 0 1 0 0 1 -1 1 0 0 0 1 1 0 -1 0 0 1 1 -1 1 0 1 0 -1 1 -1 1 0 -1 1 0 1 -1 0 0 
1 0 -1 0 0 -1 1 0 -1 0 0 1 0 -1 -1 1 -1 1 1 0 -1 0 -1 1 1 -1 -1 -1 0 1 -1 0 0 0 0 0 -1 0 0 -1 0 -1 -1 -1 0 1 0 0 -1 -1 
0 1 -1 -1 -1 0 1 -1 0 -1 -1 1 -1 -1 0 0 1 -1 0 -1 0 1 0 -1 -1 -1 1 -1 -1 -1 0 1 0 -1 -1 -1 1 -1 0 0 0 1 -1 0 0 -1 1 -1 -1 0 
1 -1 0 -1 -1 0 1 -1 -1 -1 0 1 -1 0 -1 1 0 1 1 0 -1 0 0 1 1 0 0 0 0 1 0 -1 -1 0 0 0 0 -1 -1 0 0 -1 0 -1 0 1 -1 0 -1 -1 
1 1 -1 0 -1 -1 1 0 -1 -1 -1 1 0 0 -1 1 1 1 1 -1 0 1 -1 1 1 -1 1 -1 -1 1 0 1 -1 -1 0 0 1 -1 0 -1 0 1 0 0 0 1 1 -1 -1 0 
0 -1 0 -1 1 -1 0 -1 0 -1 -1 0 -1 0 1 -1 -1 -1 0 1 0 0 -1 0 0 1 0 0 -1 -1 0 -1 1 0 1 0 0 -1 -1 1 -1 1 -1 0 1 0 -1 0 0 -1 
0 1 -1 -1 -1 1 1 -1 -1 0 1 1 0 -1 0 -1 1 0 0 -1 1 1 0 0 -1 0 1 0 0 0 -1 1 -1 0 0 1 1 1 -1 -1 1 1 -1 1 -1 -1 1 -1 1 -1 
0 -1 -1 -1 -1 0 -1 -1 -1 -1 0 0 0 -1 -1 0 -1 0 -1 0 -1 1 -1 0 -1 0 0 0 -1 0 0 0 -1 -1 -1 0 -1 0 -1 0 -1 -1 -1 -1 0 0 -1 -1 0 -1 
-1 1 0 -1 0 0 1 0 0 -1 0 1 -1 -1 -1 0 1 -1 0 -1 -1 1 1 0 -1 -1 1 0 0 -1 -1 1 -1 0 -1 -1 1 0 0 0 -1 1 -1 0 0 0 1 -1 -1 0 
1 -1 0 -1 -1 -1 1 0 -1 0 -1 1 0 0 -1 1 -1 1 1 -1 -1 -1 0 1 1 0 -1 0 -1 1 -1 0 -1 -1 -1 -1 0 -1 -1 -1 -1 0 0 0 0 1 -1 -1 0 -1 
1 1 -1 -1 0 -1 1 -1 -1 0 0 1 0 -1 -1 1 1 1 1 -1 -1 1 -1 1 1 -1 1 -1 -1 1 -1 1 -1 0 -1 0 1 0 -1 0 0 1 -1 -1 -1 1 1 -1 0 -1 
-1 -1 -1 0 1 -1 0 -1 0 -1 -1 -1 -1 0 1 0 0 0 0 1 -1 0 -1 0 -1 1 0 0 0 0 -1 -1 1 0 1 0 -1 -1 -1 1 0 1 -1 -1 1 0 -1 -1 -1 -1 
-1 1 0 -1 0 1 1 0 -1 -1 1 1 0 0 0 0 1 -1 -1 0 1 1 0 0 -1 -1 1 -1 -1 -1 0 1 -1 0 -1 1 1 1 0 -1 1 1 0 1 -1 0 1 0 1 0 
0 -1 0 0 -1 0 0 -1 -1 -1 -1 -1 -1 0 0 -1 0 0 0 0 -1 0 -1 -1 -1 0 0 1 0 0 -1 0 -1 -1 -1 0 -1 -1 -1 0 0 0 0 -1 -1 0 0 -1 0 0 
-1 1 -1 0 -1 0 1 -1 -1 -1 -1 1 -1 0 -1 0 1 -1 -1 -1 -1 1 0 -1 -1 -1 1 -1 1 -1 0 1 -1 -1 -1 0 1 -1 -1 0 0 1 0 0 0 0 1 0 -1 0 
1 0 -1 -1 0 0 1 -1 0 0 -1 1 -1 0 -1 1 0 1 1 -1 -1 0 -1 1 1 -1 -1 -1 -1 1 -1 0 -1 0 0 -1 -1 0 0 -1 -1 -1 -1 0 -1 1 -1 -1 0 -1 
0 1 -1 -1 -1 0 1 0 -1 -1 -1 1 0 0 0 0 1 -1 0 -1 0 1 -1 -1 0 0 1 -1 0 0 1 1 -1 -1 0 0 1 0 -1 0 0 1 0 0 0 -1 1 -1 0 0 
0 -1 0 -1 0 0 0 0 -1 0 0 -1 0 -1 0 0 0 0 -1 -1 0 -1 -1 -1 -1 -1 0 -1 0 0 -1 1 -1 -1 0 0 -1 0 0 0 0 0 -1 0 -1 0 -1 -1 0 0 
0 1 -1 -1 1 0 1 -1 -1 0 0 1 -1 -1 1 -1 1 -1 -1 1 0 1 -1 -1 -1 1 1 0 0 -1 0 1 1 -1 1 -1 1 -1 -1 1 -1 1 -1 0 1 -1 1 0 0 0 
-1 0 -1 -1 0 -1 0 -1 -1 0 -1 0 -1 -1 -1 0 0 -1 -1 -1 -1 0 0 0 -1 -1 -1 0 -1 0 -1 0 0 1 -1 0 -1 -1 0 -1 0 -1 -1 -1 0 0 -1 0 -1 0 
0 1 -1 0 1 0 1 -1 0 0 -1 1 -1 -1 1 0 1 -1 0 1 0 1 -1 -1 -1 1 1 -1 -1 -1 -1 1 1 0 1 0 1 -1 -1 1 0 1 0 -1 1 0 1 -1 0 -1 
-1 0 -1 0 0 1 -1 0 0 -1 1 -1 0 0 0 0 0 0 0 -1 1 0 -1 0 -1 0 1 0 0 0 0 -1 -1 -1 0 1 0 1 -1 0 1 0 0 1 0 0 -1 0 1 -1 
-1 1 -1 0 0 0 1 0 -1 -1 -1 1 0 0 0 0 1 -1 0 0 -1 1 0 -1 -1 -1 1 -1 -1 0 0 1 0 0 -1 0 1 0 0 -1 -1 1 0 0 -1 -1 1 0 0 0 
0 -1 -1 -1 -1 1 0 0 -1 -1 1 0 0 0 0 0 0 0 0 -1 1 0 0 0 0 0 1 0 0 -1 -1 -1 -1 0 0 1 0 1 1 0 1 -1 0 1 -1 0 0 1 1 0 
-1 1 0 -1 -1 0 1 0 -1 0 0 1 -1 -1 0 -1 1 0 -1 -1 0 1 0 0 0 0 1 0 0 -1 -1 1 -1 1 0 0 1 0 1 -1 0 1 -1 -1 0 -1 1 -1 -1 -1 
0 0 1 -1 1 0 -1 -1 0 -1 0 -1 0 -1 1 0 0 -1 0 1 0 0 0 -1 -1 1 0 -1 -1 -1 0 -1 1 0 1 0 0 -1 -1 1 0 1 0 0 1 -1 -1 0 0 -1 
1 1 0 -1 -1 1 1 -1 -1 1 1 1 0 0 -1 0 1 -1 0 -1 1 1 0 0 -1 0 1 0 -1 -1 -1 1 -1 -1 0 1 1 1 -1 0 1 1 -1 1 -1 -1 1 -1 1 0 
0 0 -1 0 1 0 -1 -1 0 0 0 -1 0 -1 1 0 -1 0 0 1 0 0 0 -1 0 1 0 0 -1 -1 -1 -1 1 0 1 0 0 -1 -1 1 -1 1 -1 -1 1 0 1 -1 0 0 
-1 1 0 -1 0 0 1 0 0 0 -1 1 -1 -1 -1 -1 1 -1 0 0 -1 1 0 -1 -1 0 1 -1 -1 0 -1 0 0 -1 0 0 -1 -1 -1 -1 -1 0 1 0 -1 0 0 0 0 0 
-1 -1 0 -1 0 1 -1 0 0 0 1 -1 -1 0 0 -1 -1 -1 0 0 1 -1 0 -1 -1 0 1 -1 0 0 0 -1 -1 0 -1 1 -1 1 0 -1 1 0 0 1 0 0 -1 -1 1 -1 
-1 -1 0 0 1 -1 0 -1 -1 0 -1 -1 0 0 1 -1 0 0 -1 1 -1 0 0 -1 0 1 -1 -1 0 0 0 0 1 0 1 0 0 0 -1 1 0 1 0 0 1 -1 -1 -1 -1 -1 
1 0 -1 0 -1 0 1 0 -1 0 0 1 0 -1 0 1 0 1 1 -1 -1 0 0 1 1 -1 0 0 0 1 -1 0 -1 -1 1 0 -1 0 1 0 0 0 1 0 0 1 0 0 -1 0 
-1 -1 -1 -1 0 0 0 -1 0 1 0 0 -1 0 -1 0 0 0 -1 -1 0 -1 -1 -1 0 -1 0 0 -1 -1 -1 -1 0 0 0 -1 0 -1 0 0 0 0 0 -1 0 -1 1 -1 -1 -1 
0 0 0 -1 -1 0 -1 -1 -1 0 0 0 -1 -1 0 0 0 0 -1 0 0 -1 0 -1 0 -1 0 0 0 0 -1 0 0 0 -1 -1 0 0 0 -1 -1 0 -1 0 -1 -1 1 1 -1 -1 
1 0 0 0 1 1 -1 -1 -1 -1 1 -1 -1 -1 -1 0 0 -1 -1 0 1 1 -1 0 0 0 1 -1 0 -1 0 -1 -1 -1 -1 1 0 1 0 -1 1 -1 0 1 -1 -1 -1 -1 1 0 
0 0 0 -1 0 0 -1 0 -1 -1 0 0 -1 -1 -1 0 0 -1 -1 0 0 0 1 -1 -1 0 1 0 0 -1 0 0 -1 0 -1 0 0 0 1 0 0 0 0 -1 0 -1 -1 0 0 1 
500
2500
1042 1005 1040 2035 2033 3045 3015 3026 3020 1012 1025 2030 2019 2007 3001 3046 3024 3018 3016 1036 1021 1038 1044 2041 2011 2049 3027 3006 