1 1 -1 -1 1 1 1 1 -1 -1 1 -1 1 1 -1 -1 1 0 1 1 -1 -1 1 0 -1 
-1 1 -1 1 -1 0 1 0 1 0 -1 0 0 0 1 1 1 0 0 -1 0 1 -1 0 0 
-1 1 1 0 1 0 -1 1 0 0 1 0 -1 1 -1 -1 1 -1 0 1 -1 0 0 -1 0 
-1 1 0 1 0 0 1 -1 1 -1 -1 -1 0 -1 1 1 1 -1 -1 0 -1 1 -1 0 -1 
0 1 -1 0 1 -1 0 1 -1 0 1 -1 0 1 0 -1 1 0 0 1 -1 0 0 -1 0 
1 0 -1 -1 0 1 -1 0 -1 0 1 0 1 1 0 0 0 -1 1 0 0 0 1 0 0 
-1 1 0 1 1 0 1 1 1 -1 1 -1 -1 1 1 1 1 -1 -1 1 -1 1 -1 0 0 
-1 0 0 0 0 0 -1 1 0 -1 0 -1 -1 -1 0 0 0 0 -1 -1 0 0 -1 -1 -1 
0 1 -1 1 1 -1 1 1 1 0 1 -1 -1 1 1 1 1 0 -1 1 -1 1 -1 -1 -1 
0 -1 0 -1 -1 -1 0 -1 0 1 0 -1 -1 0 0 -1 0 -1 -1 0 -1 -1 0 -1 -1 
1 1 -1 -1 1 1 0 1 0 -1 1 0 1 1 0 -1 1 0 1 1 0 0 1 0 -1 
0 -1 -1 0 0 0 0 -1 -1 0 0 1 0 -1 0 -1 -1 0 -1 -1 0 0 -1 0 -1 
1 1 0 -1 1 1 -1 1 0 -1 1 0 1 1 -1 0 1 -1 1 1 -1 -1 1 -1 0 
1 -1 -1 -1 0 1 0 -1 0 -1 1 0 1 1 0 -1 0 -1 1 0 0 -1 1 -1 -1 
-1 1 -1 1 1 -1 1 1 1 -1 1 -1 -1 1 1 1 1 -1 0 1 0 1 0 -1 -1 
0 1 -1 1 -1 0 1 -1 1 0 -1 -1 -1 0 1 1 1 0 0 -1 0 1 -1 -1 -1 
-1 1 -1 1 1 0 1 1 1 0 1 0 0 1 1 1 1 0 0 1 0 1 0 0 0 
-1 0 -1 0 0 0 -1 -1 -1 -1 0 -1 -1 0 -1 -1 -1 1 0 -1 0 -1 -1 -1 -1 
1 1 -1 -1 1 1 0 1 -1 -1 1 -1 1 1 0 -1 1 -1 1 1 0 0 1 -1 0 
0 0 -1 -1 -1 0 -1 0 -1 0 -1 -1 -1 -1 0 0 -1 -1 0 1 -1 0 0 -1 0 
0 1 0 0 1 0 0 1 -1 -1 1 -1 -1 1 -1 -1 1 0 0 1 1 0 0 0 -1 
-1 1 -1 1 -1 -1 1 0 1 0 -1 0 -1 0 1 1 1 -1 -1 0 0 1 0 -1 -1 
1 1 0 -1 1 1 -1 1 0 -1 1 -1 1 1 -1 -1 -1 0 1 0 0 -1 1 -1 0 
-1 0 -1 -1 -1 -1 0 -1 -1 -1 -1 0 0 0 0 -1 -1 -1 0 -1 -1 0 -1 1 0 
-1 -1 -1 -1 0 0 0 0 -1 -1 -1 0 -1 0 -1 -1 0 -1 -1 0 -1 -1 -1 -1 1 
187
625
1002 2004 3007 4009 6016 6015 7017 9022 1001 3006 5011 6014 8019 9023 10013 