0.15
1 2 1 1 1 
0.05
1 1 1 2 1  
0.1
1 1 1 3 1 
0.06 
1 1 1 1 1
0.04 
2 1 1 1 1 
0.2
1 1 1 1 1 
0.1 
2 1 1 1 1 
0.2 
1 1 1 1 1 
0.03 
2 1 1 1 1 
0.07
1 1 1 1 1 
20
1004 1005 1012 1013 1017 1021 1033 1034 1035 1037 1041 1043 1049 1022 1025 1028 1036 1038 1039 1040
20
2042 2044 2002 2007 2010 2011 2019 2030 2031 2032 2001 2003 2006 2008 2009 2014 2015 2016 2018 2020  
20
3023 3024 3026 3027 3029 3045 3046 3047 3048 3050 3051 3052 3053 3054 3055 3056 3057 3058 3059 3060
20
4061 4062 4063 4064 4065 4066 4067 4068 4069 4070 4071 4072 4073 4074 4075 4076 4077 4078 4079 4080 
20
5081 5082 5083 5084 5085 5086 5087 5088 5089 5090 5091 5092 5093 5094 5095 5096 5097 5098 5099 5100 
57
