0.15
1 2 1 1 1 1 2 1 1 2
0.05
1 1 1 2 1 1 2 2 1 2 
0.1
1 1 1 3 1 1 1 2 2 1
0.06 
1 1 1 1 1 1 1 2 1 1
0.04 
2 1 1 1 1 1 1 1 1 1 
0.2
1 1 1 1 1 1 1 1 2 1
0.1 
2 1 1 1 1 1 1 1 1 1
0.2 
1 1 1 1 1 1 1 1 1 2
0.03 
2 1 1 1 1 1 1 1 1 1
0.07
1 1 1 1 1 1 1 1 1 1
18
1004 1005 1012 1013 1017 1021 1033 1034 1035 1037 1041 1043 1049 1101 1102 1103 1104 1105
14
2022 2025 2028 2036 2038 2039 2040 2042 2044 2106 2107 2108 2109 2110 
13
3002 3007 3010 3011 3019 3030 3031 3032 3111 3112 3113 3114 3115
18
4001 4003 4006 4008 4009 4014 4015 4016 4018 4020 4023 4024 4026 4116 4117 4118 4119 4120 
12
5027 5029 5045 5046 5047 5048 5050 5121 5122 5123 5124 5125
13
6051 6052 6053 6054 6055 6056 6057 6058 6126 6127 6128 6129 6130
12
7059 7060 7061 7062 7063 7064 7065 7131 7132 7133 7134 7135 
17
8066 8067 8068 8069 8070 8071 8072 8073 8074 8075 8076 8077 8136 8137 8138 8139 8140
15
9078 9079 9080 9081 9082 9083 9084 9085 9086 9087 9141 9142 9143 9144 9145
18
10088 10089 10090 10091 10092 10093 10094 10095 10096 10097 10098 10099 10100 10146 10147 10148 10149 10150
117
